100 20
6 97
6 87
10 141
2 37
1 94
1 163
2 174
3 32
9 125
8 8
1 66
7 146
6 174
8 34
6 183
7 104
3 11
7 104
10 179
4 11
1 171
8 95
10 47
3 122
8 183
7 132
6 134
4 94
5 16
6 117
2 131
4 52
4 23
2 185
1 136
2 46
8 148
4 51
9 8
1 162
6 168
1 3
9 55
7 169
9 187
7 101
6 4
10 34
2 166
2 56
9 198
5 85
8 50
9 169
9 11
3 48
9 151
8 85
5 170
6 45
6 30
4 2
5 67
10 154
2 152
7 183
8 138
10 88
8 108
6 111
10 200
2 156
3 77
5 107
2 154
4 73
3 66
5 4
1 144
6 28
1 92
4 125
9 190
4 166
6 195
2 111
7 111
5 182
1 34
4 195
6 165
8 85
5 118
5 188
2 146
2 192
3 147
8 42
1 178
1 177
