10000 20
5 191
8 200
1 166
6 199
3 12
8 174
7 91
3 33
2 155
5 32
2 178
6 94
6 180
1 93
8 14
10 64
7 47
4 138
8 16
8 197
10 150
4 172
10 174
3 149
10 48
2 49
4 199
5 135
4 160
4 136
6 136
9 116
8 91
9 156
6 67
3 185
6 54
3 78
5 179
10 81
9 46
8 152
7 130
3 193
5 134
6 162
1 107
2 171
5 93
6 48
3 16
8 84
1 173
5 114
10 196
5 125
3 4
5 83
5 178
2 133
9 55
4 59
6 45
7 150
10 58
7 173
10 182
10 196
6 130
6 138
4 9
1 193
4 83
5 52
6 144
3 36
8 82
10 115
3 126
9 125
7 5
6 124
2 45
5 179
7 53
4 100
4 154
5 182
10 187
10 33
6 83
5 93
2 48
8 18
4 152
2 48
7 188
2 123
3 175
2 31
2 184
1 26
4 94
9 34
9 59
2 68
10 77
2 47
1 97
5 89
8 112
6 88
2 71
10 195
9 162
2 106
10 97
7 163
10 181
5 143
3 116
10 28
10 131
9 60
1 140
2 142
2 57
2 27
6 127
2 28
2 158
3 2
9 144
3 31
3 192
1 115
10 117
7 185
8 39
6 139
2 2
10 130
6 88
7 67
4 132
7 78
2 36
10 137
7 54
6 45
5 63
3 176
1 159
8 43
9 121
6 107
2 178
5 69
4 72
7 86
6 173
10 98
10 60
6 142
5 59
7 23
4 17
3 164
5 82
3 105
2 120
2 70
10 5
7 176
8 127
3 118
9 75
2 6
5 53
3 97
1 198
2 180
4 103
4 169
6 133
5 141
5 37
10 51
5 194
8 161
4 29
8 74
7 173
3 156
1 127
9 98
4 119
9 60
4 160
7 62
10 64
6 150
2 64
5 186
1 98
8 42
2 83
6 17
10 140
3 194
6 20
1 57
6 112
7 111
7 85
7 26
4 172
7 101
2 48
4 27
2 141
9 194
4 113
9 157
9 191
10 106
7 57
2 134
7 38
1 78
3 165
2 135
6 57
3 56
7 61
10 110
3 154
7 96
6 166
8 189
8 47
4 107
2 57
9 105
6 36
8 71
8 145
3 36
8 62
2 48
5 200
5 188
6 113
4 126
8 51
4 153
6 140
1 109
5 194
6 130
7 112
5 99
2 161
1 97
4 36
9 173
6 121
3 123
7 132
8 123
2 31
10 9
9 37
8 159
7 100
3 50
8 154
2 170
6 4
4 166
5 170
10 128
3 31
9 100
2 96
4 199
9 27
9 61
7 50
4 35
6 200
10 119
2 51
7 61
8 59
8 43
6 161
8 7
1 67
2 15
10 104
7 90
8 151
1 133
5 165
4 16
9 174
4 10
10 171
5 42
6 197
2 72
9 81
10 36
8 189
6 149
4 122
10 172
9 138
6 130
5 3
10 78
6 157
1 180
9 17
7 19
9 83
1 86
6 9
8 141
2 44
10 164
6 94
5 181
8 148
7 138
3 135
4 61
7 46
7 195
4 6
5 62
8 140
1 59
5 130
5 116
5 40
7 38
10 5
6 21
4 166
1 94
8 63
7 141
7 160
3 145
4 89
8 77
1 81
5 152
5 171
4 47
8 74
5 98
8 79
2 196
9 64
5 14
10 3
2 159
2 140
10 61
8 163
10 31
6 105
2 78
5 101
9 128
7 2
5 151
3 147
2 106
5 9
5 35
1 108
8 185
6 153
10 94
3 195
8 92
6 109
5 91
9 159
9 78
10 135
4 191
10 113
10 120
7 154
1 3
6 42
9 124
4 24
7 110
8 194
9 59
9 77
2 33
9 194
5 185
4 42
4 57
2 27
9 36
7 115
5 120
1 4
5 81
3 1
8 92
5 112
7 134
9 16
5 94
5 29
3 169
8 50
7 173
4 7
10 119
7 59
3 97
1 107
8 22
8 155
8 136
10 172
7 12
4 159
9 180
8 129
5 14
2 144
6 75
9 181
4 2
10 82
1 197
4 198
4 53
5 182
2 154
3 71
6 157
5 193
1 178
8 62
6 72
2 195
8 51
4 150
3 12
4 1
4 102
2 102
7 36
10 4
1 74
5 80
5 1
7 167
10 56
9 107
5 159
9 172
6 5
2 89
5 180
10 192
3 3
4 18
1 141
3 194
5 8
7 48
4 169
8 185
10 133
8 81
9 123
3 163
7 153
8 15
1 132
6 86
7 44
6 51
10 31
6 123
10 116
9 158
3 123
4 174
6 179
2 111
4 180
2 47
9 199
2 152
2 163
2 108
10 17
7 113
8 169
2 149
3 38
3 171
9 56
3 118
3 9
1 62
4 11
8 161
2 23
8 195
5 64
5 105
10 98
5 59
2 53
5 152
5 135
7 22
7 24
4 162
7 55
9 109
9 126
10 200
3 194
9 17
4 93
3 14
8 7
4 113
1 178
7 141
9 109
6 120
5 156
4 170
10 133
6 133
9 102
9 181
7 22
7 129
6 41
2 131
5 120
3 13
10 104
2 44
1 17
2 113
10 170
2 101
9 172
10 21
10 20
10 15
6 172
6 52
7 196
3 7
10 189
4 132
1 191
1 84
9 132
5 56
1 124
7 36
1 18
9 102
6 118
8 199
1 157
5 10
2 14
7 186
8 86
3 121
8 199
2 38
9 4
8 182
8 104
6 78
4 64
1 80
3 174
8 125
1 71
2 138
4 15
1 101
3 164
9 34
6 16
7 41
7 139
4 58
6 32
4 124
7 190
8 98
5 195
5 40
8 124
3 44
9 152
8 144
5 189
2 103
6 34
3 54
9 120
9 165
2 59
4 62
3 189
6 5
8 52
4 48
9 75
7 41
10 175
1 162
5 147
2 65
9 142
9 92
10 178
3 54
8 169
1 131
10 99
9 160
10 51
4 79
5 131
3 121
5 69
5 28
2 68
8 32
9 26
9 196
5 99
10 150
9 145
3 35
3 146
2 196
9 95
5 50
4 118
9 11
5 51
7 38
6 170
10 123
4 175
3 166
9 114
6 21
9 5
2 200
5 136
10 185
4 56
3 140
7 75
7 184
5 135
6 78
6 115
9 131
6 142
8 153
10 103
3 74
5 28
5 71
2 159
1 38
10 134
7 114
2 122
5 48
7 2
2 159
7 185
7 55
5 141
2 174
1 194
9 22
10 62
2 123
9 118
7 11
6 129
6 199
10 163
10 122
6 101
3 183
1 139
4 136
1 94
9 196
4 67
6 56
6 19
5 185
7 165
1 65
4 177
1 9
4 118
8 198
7 7
9 175
4 57
3 157
10 80
6 180
8 114
2 169
10 180
3 12
6 4
1 168
10 174
10 17
8 155
5 109
2 199
9 150
9 130
4 39
4 82
5 77
2 15
1 32
2 151
4 82
5 82
3 63
1 121
1 118
5 58
4 63
2 87
10 117
7 168
8 78
7 14
6 64
8 58
9 22
7 77
4 195
2 105
7 199
2 144
6 32
9 196
5 171
2 14
10 3
1 130
3 177
8 123
2 36
3 20
2 91
2 167
2 113
6 184
4 199
9 108
7 105
5 47
9 90
10 188
1 65
6 121
5 112
6 185
9 154
1 155
9 94
4 195
5 49
2 152
1 128
7 174
2 38
10 12
10 115
8 81
1 46
8 163
3 5
4 80
7 194
1 136
3 167
9 98
3 45
6 23
8 58
9 68
5 90
3 68
8 47
9 101
5 51
9 129
7 109
8 48
3 163
8 52
5 79
7 53
4 133
1 158
1 100
1 184
5 43
6 13
6 197
10 16
9 72
2 171
1 195
4 1
8 22
6 5
9 14
4 27
10 1
3 101
2 7
4 144
3 105
5 57
6 14
2 34
1 124
4 193
8 133
7 179
10 122
10 181
7 91
2 123
5 160
3 149
6 106
1 142
5 5
2 126
3 26
4 187
8 152
3 12
6 171
10 54
9 40
3 114
2 103
1 79
2 114
6 76
6 197
6 65
9 167
1 30
9 160
4 147
8 83
2 162
7 62
10 67
5 175
1 190
8 122
4 94
10 56
6 140
10 90
8 137
10 134
4 128
8 25
6 179
6 142
6 61
6 70
5 120
9 152
3 72
1 155
2 136
1 170
2 115
10 199
10 141
2 11
10 92
3 132
5 49
6 40
1 171
9 162
9 118
1 19
6 176
10 18
4 36
5 31
5 91
4 44
2 135
5 21
6 178
10 2
10 191
8 82
8 142
1 147
8 30
1 47
8 198
5 104
10 28
1 72
9 106
5 26
4 102
6 85
1 25
3 162
1 67
7 196
2 101
10 144
10 190
2 133
1 186
5 109
2 7
3 148
1 82
3 113
7 58
5 75
9 187
5 181
5 175
10 197
5 95
8 10
5 200
6 196
10 100
10 104
5 102
3 172
4 122
10 184
10 123
2 158
8 167
4 67
5 41
7 30
10 86
6 8
7 58
10 13
10 52
2 170
10 143
2 47
4 42
5 55
10 10
6 54
3 150
4 171
5 163
5 126
6 81
8 11
2 62
4 119
2 66
10 26
4 187
2 70
4 146
6 120
3 133
5 44
5 102
10 14
2 100
9 142
7 8
1 99
2 11
4 139
9 54
6 65
4 130
2 193
8 50
8 113
4 173
2 200
1 40
9 27
9 75
4 157
1 107
5 191
6 65
7 88
5 104
1 23
6 165
4 23
9 18
8 106
2 43
5 113
7 196
9 83
4 82
4 12
1 34
6 15
3 88
3 39
8 57
7 107
8 178
2 161
8 66
9 180
7 53
6 104
1 187
4 125
7 144
6 98
4 29
1 5
6 8
7 24
1 167
4 197
5 162
5 62
5 58
3 190
6 180
6 180
3 139
6 106
7 149
6 104
3 181
2 70
1 49
3 194
7 108
7 55
10 38
3 111
7 138
2 65
1 169
9 142
3 166
5 121
3 153
2 6
8 192
5 125
6 171
5 30
2 30
8 38
1 61
6 75
10 2
4 141
9 59
10 46
1 162
5 35
2 77
9 3
7 47
7 128
2 198
6 99
7 71
7 53
9 150
1 187
5 195
10 129
7 89
9 139
3 137
10 24
8 39
5 120
10 50
4 39
6 186
4 162
3 181
10 146
8 91
10 30
3 139
5 78
3 69
2 94
1 18
10 135
4 56
8 4
8 50
8 67
1 159
9 34
4 162
10 133
5 35
1 117
4 180
4 179
3 134
6 38
7 12
5 57
1 48
4 96
7 13
4 188
9 38
2 124
10 61
10 175
9 198
7 48
1 172
5 33
4 124
3 91
10 9
3 53
7 32
2 123
1 189
2 153
1 141
2 96
2 110
6 103
2 163
6 46
9 157
7 112
3 7
5 63
9 16
1 28
7 86
1 6
4 41
9 91
4 189
1 37
4 157
10 95
7 12
1 96
2 21
2 95
3 119
3 88
7 153
2 157
3 60
7 25
5 80
9 33
6 199
3 28
8 130
9 28
3 24
2 133
7 38
2 134
9 60
9 22
6 60
4 161
2 200
4 43
8 4
4 188
8 90
6 4
8 109
5 160
3 48
1 158
3 159
8 126
5 30
9 50
1 153
7 64
9 84
5 156
3 124
3 3
2 141
4 94
5 86
6 19
5 58
1 91
2 152
10 39
5 61
2 76
4 136
2 65
2 158
6 78
6 64
8 135
6 138
6 81
9 173
9 141
9 167
4 107
3 169
2 48
10 185
2 163
7 25
9 36
5 64
3 150
10 136
4 112
9 192
7 142
5 26
6 69
4 183
1 110
10 10
6 170
7 98
4 64
10 188
2 194
5 145
7 135
4 28
1 37
7 183
9 172
10 21
5 155
9 83
6 93
6 91
3 28
5 97
2 58
8 74
1 91
8 9
8 55
5 148
1 54
10 22
8 165
7 15
3 24
10 105
3 104
6 76
8 87
4 108
4 146
9 145
5 159
4 96
8 86
1 120
9 148
8 55
2 198
2 78
7 108
4 58
3 118
6 45
3 51
8 93
5 87
9 83
9 196
9 110
8 133
10 112
9 79
10 57
10 177
3 132
4 46
4 47
4 32
5 94
2 199
7 42
3 130
5 182
5 149
8 59
10 156
9 180
3 111
3 4
4 30
4 47
1 119
8 175
6 101
3 168
9 51
7 149
1 82
10 20
5 32
1 111
4 2
1 61
6 83
9 105
8 76
9 9
7 46
5 145
6 38
3 193
7 33
4 37
1 41
6 91
5 38
1 2
3 16
8 137
2 43
2 30
4 156
4 152
1 124
4 95
8 179
4 146
3 78
1 161
5 28
8 37
2 198
1 36
8 125
1 10
5 112
8 20
4 6
9 94
8 152
3 56
8 83
2 20
9 197
9 11
6 21
6 185
5 184
2 78
7 122
1 94
10 186
10 179
7 113
8 66
9 43
1 164
9 102
10 85
3 4
7 74
8 92
5 70
9 110
2 62
6 118
2 191
5 32
6 44
2 61
7 84
4 45
10 51
9 78
3 135
7 19
1 70
3 96
4 54
1 61
3 86
4 50
1 179
1 26
4 117
4 155
3 44
1 181
5 180
1 8
1 105
10 75
5 183
4 122
3 72
4 168
7 148
1 78
1 156
8 154
1 168
9 91
9 26
2 83
3 50
6 183
7 18
6 108
10 197
5 42
3 44
7 29
6 10
5 121
6 33
10 6
10 27
3 188
8 126
2 57
4 90
7 49
4 76
3 61
9 96
4 55
9 74
9 52
6 102
6 187
1 138
4 78
3 64
5 23
8 152
6 181
5 93
4 142
10 198
6 22
7 96
10 81
9 82
3 190
3 18
1 142
1 78
8 43
6 142
9 131
7 200
4 7
6 155
10 191
7 152
3 81
3 77
3 137
2 133
5 99
1 117
4 143
4 183
7 149
2 156
5 105
10 110
6 64
2 100
8 116
8 154
1 139
5 120
2 191
1 177
3 74
10 127
1 137
6 92
1 147
1 140
10 25
2 106
2 151
10 89
10 156
8 36
7 103
9 103
9 138
8 79
2 20
7 135
6 194
8 30
4 197
5 53
4 130
9 29
7 45
9 144
8 47
6 14
2 19
10 172
4 163
2 56
10 184
5 103
7 10
1 67
9 68
8 23
2 20
4 101
1 194
1 123
1 79
5 16
10 175
9 101
8 42
9 34
1 151
5 150
9 138
4 124
10 104
5 42
6 80
10 91
6 21
10 80
5 65
9 90
1 36
6 36
5 6
10 94
6 81
5 132
9 186
1 73
9 185
5 38
2 22
5 56
5 55
8 169
2 112
4 197
7 170
10 183
3 79
10 197
1 173
1 170
2 57
6 66
3 133
8 99
1 149
8 195
9 135
1 44
9 114
3 79
3 152
4 184
7 110
7 54
4 35
2 182
8 71
3 104
2 15
9 18
3 54
8 27
4 70
5 91
8 23
7 130
10 135
10 78
6 3
4 56
4 84
7 153
3 14
10 105
6 165
7 81
10 153
5 186
2 115
7 61
7 152
2 92
7 142
10 168
6 53
2 45
10 8
9 67
4 156
3 103
6 64
6 177
7 85
6 55
9 127
6 170
7 133
7 55
6 6
5 160
9 45
3 44
8 102
10 109
1 193
8 176
10 63
7 195
8 50
10 130
7 106
1 66
9 125
3 57
6 199
1 125
7 90
9 61
2 71
4 125
10 46
9 158
7 122
6 149
5 137
9 26
8 195
2 133
5 177
4 124
9 168
8 95
6 189
1 48
8 59
9 165
2 90
4 128
5 75
10 129
7 90
3 41
2 139
1 83
7 160
9 23
5 33
2 6
7 133
8 77
7 17
9 139
5 31
5 13
8 128
2 181
5 180
1 150
1 193
3 28
3 139
7 41
5 155
2 90
5 3
3 100
9 169
2 161
6 122
6 159
9 97
2 91
5 200
2 50
1 22
9 80
9 33
8 148
3 70
6 148
8 39
1 21
6 84
7 142
9 149
1 125
4 103
3 106
5 69
3 147
8 193
8 151
3 155
10 127
9 185
9 42
6 136
10 88
5 34
7 57
2 152
1 87
10 9
7 73
1 28
3 170
7 51
2 49
1 73
2 146
5 85
4 37
7 183
4 69
2 66
7 116
4 194
9 69
3 153
5 138
1 109
8 23
5 147
2 151
6 146
3 53
4 193
4 61
6 123
6 13
4 101
7 62
7 196
9 111
3 76
2 180
1 135
4 67
8 107
5 127
9 191
10 80
9 6
5 43
8 157
3 182
7 34
4 167
3 70
10 69
7 132
6 143
7 186
8 36
4 160
3 155
5 79
6 139
4 196
7 141
9 12
5 25
1 170
5 103
9 151
1 48
5 145
8 171
10 167
7 19
10 180
3 169
8 11
3 95
1 42
4 85
7 137
7 71
7 148
4 174
10 199
6 134
1 115
9 104
1 6
3 89
2 183
9 43
10 74
3 122
8 96
4 161
8 172
10 94
9 89
3 20
6 32
4 96
10 112
1 150
1 54
1 28
10 120
7 79
8 13
1 117
4 120
3 99
9 148
8 160
10 49
3 41
1 55
7 54
6 187
7 117
10 56
8 6
1 120
6 47
5 99
4 57
4 111
6 50
5 185
6 140
6 59
9 174
7 71
6 73
5 26
4 78
3 44
4 6
5 87
8 114
10 158
4 196
6 48
2 38
1 197
5 161
5 160
7 185
8 29
10 71
8 190
2 167
8 41
4 60
8 60
5 112
2 107
4 112
6 9
10 183
4 85
3 129
6 95
2 139
1 148
7 146
5 182
2 57
1 95
10 15
1 23
5 9
2 188
3 59
4 186
4 4
1 44
9 67
1 121
3 5
7 194
10 177
9 10
2 85
3 47
3 105
2 169
9 69
3 33
5 143
9 140
3 55
7 56
9 47
4 197
8 77
4 95
8 195
8 28
9 49
8 57
4 41
2 194
8 188
4 65
7 51
9 111
5 152
3 129
2 21
2 124
8 53
10 4
1 146
6 90
4 151
4 180
5 183
3 137
9 62
8 197
2 87
6 74
3 45
6 64
3 61
9 46
2 27
9 129
6 157
10 28
1 158
5 25
9 43
1 143
10 155
5 133
6 34
1 181
2 183
6 181
6 151
9 10
6 129
2 69
3 36
6 147
5 165
2 127
9 182
9 99
9 91
1 168
1 62
8 194
10 46
3 127
10 91
1 8
7 150
6 113
1 111
3 94
9 174
8 111
1 174
9 198
5 30
6 118
4 122
4 174
8 50
1 38
7 34
8 170
4 18
7 108
1 22
9 23
1 144
9 193
7 108
10 176
1 133
3 96
4 142
8 100
10 172
3 44
4 74
8 133
3 189
1 127
9 193
10 59
9 139
1 12
3 192
8 72
9 22
4 166
6 74
9 50
1 122
4 94
2 60
9 76
9 118
2 98
4 96
5 4
2 151
6 32
1 83
9 102
8 187
7 119
9 47
5 112
2 14
6 199
8 57
7 53
8 199
7 140
4 51
10 2
7 108
9 7
1 83
8 92
7 82
1 36
7 139
10 183
5 54
9 157
8 143
8 88
6 152
4 93
4 130
9 133
9 2
1 14
7 114
7 167
10 197
3 188
6 79
10 199
3 52
5 192
4 112
10 150
5 95
7 94
9 86
5 19
7 57
2 192
9 142
10 170
2 50
5 104
3 43
10 135
7 46
7 185
7 74
5 47
2 149
5 167
2 85
2 95
5 129
2 162
9 89
1 106
4 195
5 72
3 160
9 176
5 78
5 40
8 23
6 58
7 98
3 159
9 113
6 127
9 74
9 111
5 186
1 66
2 15
6 35
6 100
10 113
10 19
5 20
2 198
4 8
4 94
5 143
10 168
10 196
2 181
5 13
9 81
5 40
9 126
4 58
1 25
9 179
1 173
6 78
9 159
10 192
6 186
1 15
1 132
4 21
3 168
1 164
9 141
5 28
1 80
3 68
9 5
9 45
4 76
3 189
10 42
8 147
6 156
5 62
10 3
7 26
10 157
4 53
10 80
1 71
7 189
3 113
10 130
2 192
1 64
2 154
8 103
3 16
10 118
3 60
3 127
1 181
10 162
10 160
7 193
10 17
4 133
5 67
9 71
6 108
9 169
3 165
3 14
1 120
5 150
5 178
3 199
6 124
4 137
9 188
3 24
4 121
2 160
2 192
9 180
4 184
3 127
3 69
9 127
4 82
8 102
9 8
3 163
3 103
4 128
2 98
4 69
5 144
4 14
4 8
4 25
8 125
4 2
6 106
5 42
3 136
7 181
7 165
10 146
8 143
3 121
3 73
10 105
10 158
6 39
5 60
2 125
10 106
6 58
6 173
4 79
10 55
7 130
9 90
2 190
8 3
2 59
4 122
6 154
3 137
7 43
7 84
10 146
10 176
3 192
9 190
1 102
1 185
1 127
3 14
6 86
9 157
1 158
4 45
5 25
2 68
10 171
1 39
9 71
3 158
7 34
8 100
10 95
4 150
9 147
8 90
8 75
3 178
6 194
3 129
3 142
2 141
10 93
5 141
4 165
2 117
6 177
4 40
7 123
4 109
9 94
9 30
4 179
1 20
6 79
8 191
7 10
2 157
9 19
7 64
10 106
9 93
4 150
9 33
4 96
10 167
8 176
6 137
10 135
1 75
2 189
7 166
6 115
1 19
5 19
6 5
9 159
10 61
3 111
1 32
3 80
8 132
1 97
1 3
7 63
3 7
5 100
2 14
10 163
1 176
5 31
9 87
9 132
5 109
7 118
4 141
8 49
6 155
7 193
3 13
9 67
10 22
4 52
10 193
4 104
2 115
8 157
10 20
9 90
1 199
10 194
9 191
9 165
4 92
1 136
6 7
6 132
10 3
5 53
1 173
7 76
4 29
1 135
5 76
6 39
3 128
2 130
2 71
6 139
7 145
3 127
4 16
1 56
5 36
4 39
5 90
7 158
3 189
4 164
5 80
2 4
3 107
7 80
1 92
5 58
7 183
5 164
6 97
9 25
2 50
2 19
3 1
7 85
10 4
6 12
2 152
8 194
7 150
7 99
1 191
9 132
8 89
4 48
8 129
6 101
3 180
10 159
5 121
6 139
5 122
8 111
4 131
1 64
3 145
5 107
3 127
3 184
4 12
9 180
4 81
5 102
7 34
2 164
3 156
6 183
4 102
6 93
5 82
3 53
4 157
2 120
5 85
6 150
3 83
10 54
5 49
7 187
10 198
1 35
8 199
6 97
9 8
6 86
4 196
3 115
8 90
3 58
7 104
4 86
6 36
10 168
7 16
6 3
6 30
6 171
9 172
4 41
9 146
9 122
4 186
5 153
1 87
2 169
7 185
3 160
10 79
10 184
1 191
4 144
2 58
7 139
10 19
10 127
5 25
2 193
5 123
4 119
6 100
3 37
7 184
8 124
10 61
4 96
9 173
2 153
6 123
7 37
5 140
4 147
7 136
4 163
3 200
1 13
5 123
7 175
1 44
10 114
4 174
1 31
7 19
5 190
3 104
1 96
4 94
7 78
7 69
1 88
8 137
4 187
3 153
3 197
5 6
6 11
4 81
7 149
6 8
8 95
3 155
1 11
9 129
5 142
7 160
7 97
1 109
8 73
9 33
5 48
5 61
5 13
9 119
3 106
8 181
4 124
2 1
5 112
4 86
8 180
6 50
6 76
9 149
6 183
10 41
10 41
7 162
1 169
5 167
6 126
5 97
3 85
9 12
8 126
7 61
5 49
8 155
7 19
5 48
2 117
2 1
5 118
7 52
6 176
10 178
2 65
4 109
3 131
4 196
3 45
4 109
1 83
5 98
6 12
10 87
9 19
7 74
4 89
1 196
1 112
1 112
8 11
10 161
9 132
1 136
3 29
5 7
10 4
10 8
1 177
1 137
8 17
3 196
2 160
7 17
3 139
4 136
1 84
4 52
8 73
3 153
5 103
10 58
5 82
3 156
2 200
1 127
1 56
9 110
8 109
10 165
8 199
1 122
5 172
8 7
9 58
10 47
5 121
8 87
7 167
9 55
4 67
5 145
3 94
4 169
8 39
7 141
2 118
7 55
4 91
4 41
10 104
8 153
7 140
10 45
2 26
3 88
3 129
8 198
6 141
9 28
1 22
9 43
4 39
1 23
10 193
4 59
1 9
10 183
6 80
6 173
5 74
8 48
7 170
8 22
3 51
2 120
10 161
10 23
4 18
3 121
6 95
4 156
8 55
6 91
1 198
8 103
8 177
6 71
8 70
5 42
3 34
6 84
3 162
2 24
8 126
1 54
2 43
5 21
9 41
3 34
8 76
3 154
8 182
3 60
3 13
1 106
10 176
9 1
4 24
10 47
4 21
7 197
10 119
1 30
8 110
7 183
4 100
5 6
8 153
5 200
9 79
9 21
1 183
5 191
6 83
6 84
1 38
6 39
3 169
6 86
4 160
8 39
6 188
6 165
6 98
4 10
4 12
6 116
6 6
3 181
8 171
10 14
4 97
6 36
7 107
6 78
4 134
5 157
8 54
6 20
7 81
10 187
5 92
10 79
2 149
5 108
9 89
7 45
7 167
9 187
3 76
2 157
9 160
10 55
5 49
8 94
4 78
5 66
5 95
7 21
6 28
5 11
3 99
8 106
9 198
2 101
4 19
1 164
1 78
8 61
2 116
7 25
5 146
4 160
6 165
5 142
4 11
5 75
5 98
7 117
3 23
3 89
4 178
10 194
2 48
1 16
3 73
1 13
10 59
6 116
5 111
5 171
3 146
4 91
4 183
2 157
1 58
5 40
2 96
2 168
9 174
9 160
2 95
8 115
5 42
9 63
2 171
8 156
10 97
9 188
2 80
3 27
2 168
10 17
1 45
4 133
7 48
7 180
10 126
8 11
3 200
5 65
10 187
10 104
7 112
2 6
2 150
2 119
4 63
8 21
10 65
3 58
9 6
9 101
2 78
8 4
4 19
5 193
2 29
5 80
9 87
5 56
2 154
10 48
2 9
2 163
7 92
2 135
8 168
7 154
7 191
7 191
8 37
5 64
8 171
7 171
3 199
4 90
3 115
10 22
1 148
8 60
4 166
2 179
8 39
6 12
6 41
5 155
2 172
3 61
7 179
10 58
9 142
2 38
6 56
4 138
9 42
3 136
2 55
7 135
9 1
2 91
5 133
2 73
10 162
8 49
6 159
7 109
2 93
6 129
7 3
2 52
5 97
7 54
4 128
7 98
6 24
7 110
10 41
8 112
7 86
8 196
5 110
5 51
4 109
6 142
2 107
7 75
8 75
8 191
1 183
7 93
10 154
8 197
8 166
2 129
2 111
3 77
2 32
8 69
8 164
2 90
8 192
5 176
2 47
3 122
9 189
9 63
1 193
9 90
6 117
6 172
1 87
10 108
10 125
6 170
1 116
6 64
4 42
8 114
5 37
6 136
6 179
7 113
6 19
5 162
6 124
10 80
5 77
9 146
3 85
10 186
3 36
5 126
9 177
7 42
2 149
1 160
8 79
2 171
2 130
4 32
9 125
7 149
5 193
9 159
9 112
8 175
4 75
7 12
2 181
10 167
8 71
3 163
1 91
4 20
3 37
10 57
4 54
7 165
10 131
4 114
6 166
8 15
9 107
4 68
3 102
9 186
10 171
8 153
9 6
10 36
7 100
10 168
5 9
1 37
4 67
10 28
3 143
5 10
10 83
7 179
2 92
7 91
1 1
10 113
8 87
10 53
7 30
2 171
1 20
5 136
3 129
8 116
10 171
7 89
1 3
10 4
4 95
2 25
1 97
6 131
10 128
4 92
10 53
3 10
7 89
7 84
2 157
2 75
10 75
4 36
10 83
2 108
10 95
7 93
8 107
1 9
1 120
3 36
7 144
1 174
9 175
4 65
2 176
1 73
2 13
7 194
2 91
1 166
5 69
8 190
3 32
3 112
2 87
9 19
3 23
2 23
10 174
4 184
6 160
7 149
2 42
3 163
6 139
3 192
5 127
1 101
9 182
6 91
10 21
9 73
10 67
3 92
8 14
6 73
2 62
2 119
7 155
4 33
10 59
7 106
8 15
3 33
6 190
2 128
2 10
9 15
2 194
8 54
6 87
10 19
6 123
7 40
10 70
2 185
6 195
3 173
6 107
10 155
7 169
5 151
10 110
5 189
6 109
9 60
5 153
2 199
2 61
8 176
7 77
5 158
6 12
8 161
7 13
7 155
9 78
1 161
8 73
4 162
9 196
9 167
3 68
3 116
2 78
5 30
1 95
4 14
1 116
2 45
5 172
2 80
8 60
2 198
5 19
4 191
9 160
8 71
7 24
3 195
8 93
10 147
5 43
7 105
5 69
5 178
3 23
5 170
7 109
5 77
10 100
1 91
9 47
2 75
1 142
4 155
5 73
10 79
5 139
6 8
2 77
6 151
4 40
9 187
9 200
9 86
5 133
5 167
2 27
4 59
8 76
1 101
8 132
8 185
2 198
8 59
3 134
7 29
3 158
6 80
2 188
9 91
7 68
1 82
6 114
4 9
7 147
1 65
2 37
6 65
5 172
7 81
9 110
5 83
10 81
2 164
5 115
1 194
3 186
10 125
4 38
1 82
10 108
9 70
9 68
10 160
2 141
10 123
10 95
2 162
5 177
6 37
10 100
8 171
6 136
8 104
5 46
7 81
6 109
10 61
6 153
4 118
7 185
5 24
10 160
2 18
5 182
6 123
4 15
4 7
8 28
7 154
7 97
4 179
4 168
5 173
7 172
3 26
5 16
8 81
4 56
2 146
7 160
4 71
2 180
7 29
7 112
5 67
9 41
1 91
2 68
7 135
3 85
4 149
5 114
4 149
8 153
6 115
2 143
7 121
8 195
10 70
4 163
1 92
2 133
2 71
1 88
3 98
1 100
1 86
8 55
3 37
4 170
8 100
1 131
7 168
5 13
3 2
8 157
4 5
10 117
10 183
6 46
2 103
3 145
10 118
6 48
8 49
4 139
6 118
8 21
1 132
5 64
6 40
8 37
8 134
1 185
5 196
5 85
2 149
8 93
9 61
7 3
3 144
5 108
5 24
7 139
5 127
5 165
1 137
10 77
9 165
6 41
1 190
9 117
1 93
10 134
3 138
3 25
2 3
4 109
8 51
5 183
3 150
2 148
9 156
5 20
3 181
6 109
1 12
6 54
7 15
2 5
10 118
10 123
6 1
7 190
9 71
9 143
10 164
5 158
3 66
7 2
5 148
8 61
9 191
7 72
7 18
7 163
4 72
10 167
1 3
2 80
10 27
5 149
8 151
4 25
7 11
5 95
3 59
10 18
7 190
7 147
5 199
5 110
8 112
7 63
9 96
5 121
5 39
4 55
7 15
9 159
1 6
4 3
3 65
2 146
10 50
10 151
7 141
9 32
5 96
5 146
7 161
9 42
7 68
7 87
8 189
5 55
9 43
8 31
2 6
10 198
4 51
9 60
2 189
10 96
5 182
2 119
9 166
10 20
3 114
10 68
6 129
7 152
4 187
4 177
7 116
9 143
3 48
10 178
9 174
4 53
8 138
2 16
9 70
2 45
7 121
1 117
1 178
6 12
2 46
6 10
8 49
3 27
10 1
6 178
4 89
6 137
1 77
5 4
2 25
6 159
5 199
3 60
1 73
8 74
3 195
7 162
1 149
8 52
1 48
4 194
1 182
1 27
4 79
1 115
6 8
3 16
1 175
10 112
4 173
6 194
4 91
2 34
4 89
4 97
1 162
5 164
7 188
9 187
5 103
1 181
4 147
5 90
10 111
6 193
6 63
1 76
6 62
3 120
9 28
6 57
8 130
3 54
8 140
10 65
6 45
6 98
8 1
10 68
2 143
1 87
8 151
7 8
1 139
3 86
8 151
10 46
8 173
2 66
8 157
7 21
4 179
10 130
8 83
1 85
9 17
10 10
9 100
2 126
7 34
3 27
9 2
4 191
6 158
5 166
8 48
1 199
2 182
4 37
3 129
7 127
10 50
7 147
9 134
9 182
3 28
5 102
6 44
10 68
10 123
7 84
4 148
7 159
10 177
7 147
3 34
5 97
1 68
9 8
8 134
1 176
5 113
10 105
1 102
3 69
5 180
1 187
2 82
1 77
10 186
5 21
3 150
2 43
7 71
9 10
5 68
5 92
9 184
5 131
2 55
8 170
3 50
5 35
1 33
8 10
2 113
1 81
1 86
2 197
2 67
10 129
10 199
7 194
1 114
6 68
4 176
8 59
8 93
6 124
9 74
5 196
5 167
9 152
5 42
5 175
8 135
6 14
7 144
3 99
6 46
7 108
2 193
1 176
7 76
3 181
4 69
4 60
7 28
10 59
4 41
2 74
8 163
9 103
5 78
7 133
3 69
9 139
2 89
9 9
2 176
4 200
5 137
8 139
4 87
7 88
10 132
8 4
6 48
1 110
4 34
5 178
10 6
1 49
2 144
5 62
1 8
5 173
1 191
5 183
3 73
10 129
7 187
2 94
3 126
4 74
8 4
9 160
3 194
10 126
7 24
6 88
1 61
1 90
2 198
2 66
6 57
8 101
8 132
10 56
9 172
10 2
8 67
5 57
2 105
1 122
7 150
8 53
4 199
3 8
6 87
4 3
4 184
8 187
1 122
8 115
2 139
6 168
7 96
3 28
2 122
4 157
6 109
6 143
8 61
9 183
7 105
5 161
2 173
2 141
6 35
2 45
3 50
7 43
8 50
9 80
6 134
1 80
5 2
7 188
2 23
8 136
10 61
1 158
5 49
2 114
4 136
8 72
10 138
10 131
10 18
8 71
10 68
1 73
10 128
1 174
8 7
7 153
9 187
9 89
5 148
1 18
6 184
2 66
6 74
3 168
2 175
1 40
4 165
1 153
9 5
5 195
7 34
5 187
4 170
4 170
6 173
10 5
2 196
6 53
1 139
7 89
5 122
9 75
8 200
1 1
3 145
10 165
9 11
2 191
8 123
9 129
6 141
2 19
6 75
4 200
7 21
8 97
4 50
8 80
2 158
6 96
8 181
2 179
4 39
10 179
9 181
9 78
9 139
2 140
6 86
10 195
1 79
3 189
10 40
8 175
5 31
1 181
5 41
8 149
5 105
7 169
2 41
10 145
7 64
6 80
6 116
5 6
1 50
1 166
1 100
6 160
8 186
10 138
4 172
3 66
4 127
9 176
6 118
2 106
10 19
10 183
9 110
4 184
5 141
6 124
1 125
1 155
3 96
2 142
3 183
9 108
2 1
8 80
8 189
8 153
1 13
3 58
4 4
8 163
7 169
3 127
6 36
4 25
10 40
2 168
5 1
4 98
5 200
5 192
8 85
3 126
7 165
6 47
9 189
5 126
8 125
2 40
7 8
8 152
10 75
10 90
10 115
7 76
9 132
5 194
8 96
6 82
8 100
3 191
4 113
9 170
1 74
6 53
5 146
3 33
7 128
6 51
6 173
3 99
5 116
7 61
4 35
7 27
4 82
3 163
2 154
9 141
2 120
6 96
4 73
5 149
9 168
5 187
6 174
5 37
1 177
7 137
1 8
8 115
8 86
5 33
1 174
4 136
1 6
10 159
2 174
1 194
3 106
10 170
3 110
3 43
1 114
7 30
8 7
1 16
6 57
3 75
9 61
5 131
4 188
9 36
1 88
4 82
9 159
6 72
8 102
9 21
2 200
4 117
2 87
10 148
6 82
2 24
5 128
8 23
4 91
4 117
4 113
4 3
10 151
9 62
2 22
7 156
6 83
7 100
9 89
1 13
5 90
1 47
2 110
9 186
8 51
3 124
5 102
9 103
2 145
10 74
8 101
1 46
9 82
9 188
2 13
8 29
3 184
10 82
7 136
4 77
8 108
3 112
4 169
6 37
5 150
2 109
9 196
5 77
4 93
10 117
9 18
9 195
8 5
4 128
2 22
1 41
10 76
4 137
6 82
3 181
4 77
9 200
6 187
9 79
9 118
4 160
4 48
4 191
9 137
2 17
5 143
2 197
10 46
1 15
10 168
6 54
5 47
2 145
6 41
9 134
7 34
5 115
10 80
6 81
6 3
2 45
2 132
1 16
3 48
1 34
6 12
9 98
2 19
7 10
1 54
1 169
6 124
3 120
9 106
4 177
6 36
4 12
9 76
2 156
5 50
4 10
4 54
9 32
8 98
5 89
5 43
1 31
10 145
8 141
3 181
5 143
5 171
9 46
4 24
1 152
4 133
1 95
9 93
1 160
1 156
7 112
2 152
7 82
8 196
6 44
2 82
1 155
7 25
2 75
1 111
3 20
5 113
1 1
5 49
9 99
5 144
7 173
7 12
9 97
6 115
7 28
1 176
6 173
7 13
6 27
8 34
1 32
6 117
6 80
8 139
4 183
5 150
5 98
3 80
4 36
9 14
9 156
9 56
1 5
3 32
1 95
5 145
10 68
2 178
10 109
2 131
3 29
8 175
8 182
10 3
9 171
9 14
7 190
2 170
5 75
9 50
7 69
9 83
10 128
5 136
9 134
2 120
8 69
10 155
2 113
8 118
4 94
10 75
2 161
10 157
8 192
6 138
4 6
7 185
5 60
7 70
5 100
5 123
8 152
9 34
1 83
7 88
10 45
1 132
9 61
9 81
1 74
3 48
2 99
8 106
6 160
3 4
10 184
9 52
9 4
3 66
5 148
10 99
6 176
10 194
8 18
2 63
9 195
6 69
7 34
2 127
8 108
7 99
6 96
6 2
10 75
6 110
3 28
9 92
6 160
7 76
3 88
4 183
6 73
7 97
9 133
4 87
4 32
8 59
7 110
8 133
8 123
8 68
2 11
4 69
5 179
1 35
1 31
8 40
5 78
6 3
4 83
10 115
10 77
8 59
1 33
6 158
1 126
5 44
8 49
6 22
5 106
10 167
1 71
7 195
5 128
1 100
10 67
4 163
6 33
3 52
10 136
4 117
2 42
10 192
3 62
1 62
5 22
4 143
6 161
10 64
2 25
9 4
3 39
9 142
8 110
6 125
4 61
2 1
2 81
6 29
7 99
6 198
10 93
4 75
8 91
2 22
5 48
9 10
1 14
5 52
4 98
5 15
3 111
5 67
9 66
4 54
8 110
10 157
10 169
10 117
5 78
4 133
7 165
5 182
6 176
4 118
8 71
1 57
4 54
6 122
3 69
6 136
2 177
6 28
4 145
1 26
1 179
7 86
4 120
7 129
1 37
4 124
2 115
6 68
8 26
9 103
9 146
8 54
3 114
4 155
3 36
1 37
6 176
5 193
10 145
5 131
9 13
10 174
4 104
8 200
2 195
8 97
6 65
1 158
1 35
10 137
7 4
8 155
6 119
4 157
2 184
2 11
4 16
9 130
2 189
2 12
10 161
4 89
1 82
6 40
8 82
8 135
1 192
5 199
1 159
1 139
9 197
1 98
5 190
7 115
3 138
8 9
6 188
7 151
5 197
1 133
10 105
3 196
9 160
6 87
1 175
8 122
10 128
2 95
3 47
4 7
8 71
8 198
1 109
7 178
8 194
10 45
1 143
2 129
6 84
8 83
4 17
5 83
10 1
7 11
2 196
6 6
8 20
4 164
10 18
4 59
4 73
5 23
5 139
4 29
5 156
7 124
3 196
5 54
9 192
4 198
9 11
10 105
1 1
9 194
3 180
9 169
6 83
2 20
1 135
1 17
10 80
5 122
1 192
2 90
3 190
10 47
2 133
6 56
5 110
6 89
3 156
9 45
1 54
8 131
2 138
6 140
4 48
7 92
9 181
9 39
5 65
3 158
6 171
10 130
5 163
9 153
1 72
1 78
7 68
2 61
9 20
5 167
1 196
3 27
5 107
2 38
8 75
9 37
4 59
3 192
10 56
10 129
7 154
2 85
1 51
10 18
8 53
6 90
10 44
9 94
3 178
1 183
8 154
5 161
4 39
4 98
3 198
5 105
8 160
7 74
4 117
10 153
9 174
4 92
10 97
8 198
10 170
5 58
4 56
6 189
7 78
1 127
8 51
5 74
9 148
5 172
8 24
8 122
7 85
7 182
2 105
6 19
7 19
4 5
1 115
8 78
10 79
6 79
3 24
7 172
6 173
9 171
2 182
7 126
3 187
3 23
4 102
7 180
1 70
8 59
9 13
3 167
3 44
8 51
4 142
5 70
4 91
2 81
1 182
1 69
8 48
9 40
10 70
4 73
2 121
6 178
2 85
10 62
10 172
7 59
7 11
5 153
8 21
10 171
1 31
2 198
10 37
5 176
4 75
3 35
2 13
2 74
7 179
3 147
10 95
3 110
2 57
1 77
10 85
1 36
5 51
5 66
5 48
5 136
10 163
1 10
9 147
4 188
10 23
6 16
2 13
10 5
9 183
10 169
6 34
2 58
9 49
5 169
7 147
2 48
4 200
4 181
9 57
3 48
3 64
3 162
9 54
7 199
10 76
8 133
9 84
6 45
4 145
8 137
6 164
2 63
1 161
8 5
2 113
10 173
10 65
1 59
6 82
5 5
7 106
9 50
8 188
8 198
5 139
8 85
4 29
6 22
2 110
8 146
6 177
1 76
10 103
1 19
1 25
6 126
1 160
4 136
10 24
2 37
6 119
10 91
7 100
4 124
4 54
2 11
1 51
6 188
1 3
4 130
4 43
6 59
1 38
7 150
9 177
2 41
6 86
2 180
9 107
4 194
7 187
5 144
3 30
7 38
6 141
1 183
2 129
3 188
2 156
3 93
4 191
4 114
7 54
8 183
2 73
9 111
4 116
9 66
9 10
6 106
10 141
5 146
10 9
4 88
6 146
6 5
2 147
4 154
2 24
6 37
1 158
7 180
5 65
8 105
10 87
5 31
2 44
5 28
6 172
7 160
7 24
10 165
1 187
6 174
10 109
1 21
9 50
10 128
6 107
3 28
9 21
4 109
2 136
4 13
5 43
2 27
2 118
4 29
10 25
10 121
1 171
10 88
7 173
9 44
1 128
10 76
6 140
9 166
6 58
3 188
2 109
6 170
10 44
6 94
3 99
7 57
6 91
3 29
5 47
6 168
7 33
9 200
9 68
10 7
8 195
8 50
3 57
8 28
6 27
3 160
5 155
8 174
2 30
6 181
7 128
1 35
8 6
7 89
1 29
7 107
8 82
9 70
9 177
10 162
10 145
9 106
1 63
7 153
5 131
7 184
4 200
9 70
6 152
6 7
3 47
9 119
8 38
7 193
5 83
10 59
6 191
10 181
1 65
4 66
10 185
3 117
1 15
9 152
10 53
4 57
6 178
5 198
8 129
1 138
7 97
9 96
10 6
7 144
3 32
4 40
8 170
7 173
4 126
7 154
7 7
2 183
4 143
7 150
8 106
2 130
4 34
5 41
8 181
10 60
10 68
9 196
7 173
3 79
6 11
5 107
3 164
8 74
6 60
5 71
6 65
4 169
9 110
2 117
4 155
8 168
1 109
3 141
6 2
3 172
10 24
6 196
9 22
7 122
1 51
8 18
9 53
1 30
4 173
10 141
2 18
5 181
9 123
7 12
10 145
5 131
2 75
4 101
6 60
7 158
5 66
2 71
10 168
9 25
9 135
8 152
10 73
9 187
7 78
9 33
9 138
1 5
9 14
1 53
4 37
8 159
8 123
5 165
2 121
10 180
3 44
9 47
4 71
3 113
3 174
9 51
7 101
10 122
6 15
5 12
7 3
3 173
7 36
9 61
3 73
6 52
1 12
9 146
1 118
9 128
9 11
6 138
1 2
1 81
5 128
7 164
2 13
6 119
7 55
7 143
1 166
5 116
10 48
4 192
4 197
7 7
6 85
10 127
6 161
8 186
9 192
7 42
10 11
4 29
6 27
2 185
9 57
8 146
4 94
10 89
2 140
1 167
9 93
10 2
9 74
1 55
9 151
3 17
10 189
5 104
10 64
4 190
6 90
8 126
9 127
8 30
7 163
2 31
8 65
10 42
10 126
9 5
7 12
5 71
9 51
9 192
9 45
1 76
4 153
5 81
9 188
5 63
1 98
5 64
6 26
6 48
7 179
8 135
2 49
9 20
3 189
9 140
5 148
3 60
10 87
5 179
10 115
10 195
3 25
2 169
6 41
3 11
10 82
6 11
8 69
2 97
6 139
9 141
5 148
5 45
3 42
3 123
4 14
10 59
10 73
9 28
5 132
1 84
3 28
8 145
4 176
7 62
7 190
3 162
10 190
10 191
3 92
7 162
3 155
6 174
6 120
6 190
3 93
1 171
10 63
6 154
7 107
5 34
7 108
2 108
6 144
2 20
9 155
9 15
1 44
7 189
8 159
8 17
2 179
5 103
1 181
1 94
9 196
8 118
1 14
6 195
9 19
9 138
2 65
2 11
10 48
4 104
1 135
2 77
7 13
7 169
6 189
1 132
5 148
8 113
3 109
7 174
9 87
3 81
8 5
6 85
9 166
4 46
8 70
10 177
9 53
8 80
9 46
6 5
5 195
10 76
9 39
8 141
3 20
8 138
6 143
3 46
3 168
9 167
9 6
10 198
7 82
4 173
7 194
1 128
6 138
6 118
5 38
5 33
3 155
5 124
3 190
6 46
7 85
1 141
4 165
6 132
5 156
3 7
1 120
10 86
5 39
8 176
7 121
5 26
7 58
3 113
7 180
1 172
5 149
9 101
10 21
1 74
1 59
2 199
10 96
7 174
6 100
1 145
7 15
6 135
10 67
6 30
10 192
3 25
6 56
7 2
2 93
7 192
4 143
7 124
4 10
9 161
8 47
9 75
4 34
8 153
5 180
4 165
7 186
4 108
8 70
3 57
3 84
6 135
7 56
8 15
5 198
10 54
4 178
5 43
1 105
4 144
6 199
6 94
3 74
4 134
7 151
2 5
9 180
5 151
5 14
10 160
10 44
4 71
8 52
5 179
7 4
6 179
7 187
10 185
9 49
4 22
5 28
6 172
3 116
2 135
5 66
3 38
10 84
8 65
9 196
3 75
8 123
3 170
3 8
4 29
10 85
4 101
7 59
5 78
10 140
4 152
9 58
4 186
4 199
9 38
6 4
8 179
8 38
5 174
10 125
3 74
6 39
8 170
9 101
4 165
10 20
9 42
9 167
5 67
4 123
3 126
1 67
8 25
2 5
4 15
8 100
9 129
9 87
3 6
9 115
6 198
9 68
5 19
4 42
10 130
1 1
6 72
2 73
7 80
7 128
5 28
1 60
7 122
8 182
6 89
2 155
5 3
2 117
9 6
1 89
4 86
4 66
8 165
6 78
4 158
6 31
10 22
2 133
9 76
10 162
5 42
1 143
5 60
10 77
1 97
2 54
3 200
5 28
3 165
6 106
2 172
2 82
3 12
4 143
9 200
7 149
6 130
4 101
8 41
5 77
10 29
6 175
6 95
1 49
8 103
7 109
3 153
7 170
9 23
3 114
4 197
4 109
9 56
4 47
10 41
2 61
4 177
6 62
9 21
8 39
4 187
4 7
7 93
5 125
10 151
7 103
6 28
10 196
8 197
2 36
8 12
8 54
3 62
4 186
10 79
8 24
7 35
7 185
8 10
5 69
4 99
2 132
1 140
9 41
8 41
6 83
1 99
6 166
6 171
2 186
4 199
6 179
9 132
10 25
8 37
6 32
2 147
9 90
4 110
2 196
2 179
4 6
1 70
8 119
5 105
1 32
3 69
10 192
5 145
8 112
2 41
8 96
4 112
6 162
10 34
7 156
2 43
9 188
10 148
10 87
10 103
5 163
1 64
6 39
5 7
2 95
1 108
10 59
1 90
5 2
8 135
1 3
6 42
6 77
3 150
5 192
10 78
8 11
9 17
10 71
3 65
8 52
1 14
9 67
3 112
7 28
2 125
5 200
6 24
2 185
10 147
10 105
8 118
4 144
7 88
5 162
2 37
5 33
4 96
3 15
10 19
1 54
6 174
3 59
9 76
8 192
7 36
2 178
4 182
10 130
3 124
2 32
7 179
8 180
4 10
10 15
7 27
3 34
2 175
6 140
8 127
8 10
9 72
9 146
2 7
8 34
6 197
5 79
7 92
7 7
8 107
3 26
4 23
6 47
4 147
7 19
1 48
4 184
4 200
2 195
10 168
9 86
8 4
7 56
3 184
3 89
9 92
5 90
2 71
2 140
9 64
6 89
2 16
1 120
7 188
3 124
6 114
10 151
4 33
7 163
6 134
2 2
1 164
7 198
7 140
4 27
9 158
1 188
1 15
6 163
4 27
9 149
5 36
10 189
10 27
9 80
9 31
5 154
4 44
2 158
7 174
7 19
6 54
6 109
9 36
5 186
3 134
7 135
6 31
7 65
4 155
2 8
1 2
7 184
10 76
10 91
9 92
5 60
4 64
7 157
8 143
7 195
1 84
3 160
1 138
1 169
9 9
4 25
7 152
8 166
6 195
1 35
5 119
3 94
8 59
7 18
2 113
9 96
10 174
8 121
4 134
6 95
5 4
10 93
5 121
1 172
10 161
6 111
9 118
2 129
2 200
9 30
10 122
7 191
6 91
10 98
7 75
10 2
6 148
3 122
3 196
7 104
6 128
8 55
4 66
2 173
8 6
6 111
9 194
4 154
10 116
10 116
5 152
9 177
9 138
3 74
1 97
6 99
3 197
7 84
6 75
8 98
1 54
9 31
9 87
1 184
2 184
9 117
3 166
8 14
9 62
1 92
4 193
4 157
10 138
4 100
7 32
3 145
8 143
4 5
6 140
8 48
2 56
5 94
5 92
6 32
10 167
10 31
4 156
1 14
1 39
6 185
6 65
1 16
3 98
7 64
9 159
10 116
9 148
9 88
5 11
10 119
6 86
8 101
5 97
4 103
8 12
7 137
5 111
5 16
4 167
2 194
10 96
4 19
7 3
6 122
3 115
8 195
7 114
5 125
2 137
9 22
7 160
2 70
9 146
7 82
2 21
8 122
7 40
10 21
1 86
4 131
1 163
7 44
9 36
2 71
8 3
2 101
6 43
8 15
8 153
6 180
9 188
6 128
8 23
8 154
1 20
10 141
4 195
3 18
3 91
6 163
1 32
10 170
5 14
9 83
4 157
5 112
7 190
3 140
4 84
7 178
9 150
5 151
3 20
3 133
6 144
2 1
3 64
8 191
6 49
4 68
6 22
8 109
6 136
9 70
8 168
2 189
6 116
9 49
10 126
8 37
2 187
5 105
3 82
8 27
3 179
6 113
10 19
8 2
1 197
2 110
7 194
8 116
6 109
9 67
5 104
8 114
5 163
5 43
3 143
8 101
10 93
7 178
3 28
8 57
1 27
9 69
2 123
5 181
10 17
1 157
3 19
4 140
1 145
2 31
3 110
9 143
7 174
5 103
3 170
10 137
4 42
1 137
8 91
3 113
4 81
2 151
4 46
10 132
5 92
3 134
5 56
4 40
3 191
1 112
8 5
6 2
6 19
8 155
4 137
10 169
4 69
9 161
4 66
3 96
4 189
1 166
10 124
10 152
9 40
6 109
5 100
7 180
9 118
9 44
1 110
8 3
3 36
6 187
2 199
10 114
2 179
8 57
3 35
4 167
7 40
9 118
4 64
2 31
8 194
1 42
2 1
3 105
7 199
4 141
6 76
3 24
7 63
9 53
2 148
8 5
9 167
6 76
1 80
6 115
2 192
9 103
1 138
3 129
6 93
1 15
7 98
1 4
5 129
7 148
3 64
6 122
6 22
10 133
7 37
4 120
5 47
3 161
10 195
6 29
9 183
2 90
1 176
7 60
3 24
8 52
6 191
7 70
10 29
10 58
4 167
6 38
3 152
3 170
2 114
10 124
6 21
4 156
2 127
5 98
10 20
9 191
10 176
8 2
5 35
10 36
6 5
4 158
6 90
8 161
1 47
8 29
7 150
7 23
5 174
6 157
1 47
1 140
10 108
6 164
10 81
5 65
8 31
1 134
5 70
5 117
9 155
1 98
3 170
8 113
2 86
6 173
5 22
10 123
10 18
3 77
3 95
9 195
6 30
8 119
4 156
3 104
1 70
10 178
4 43
8 100
5 198
6 18
1 92
7 11
4 75
7 22
2 164
6 89
3 130
1 66
7 35
4 169
2 199
1 117
1 46
9 38
1 127
7 124
8 87
2 94
6 190
4 77
6 64
9 26
1 194
7 93
1 20
9 40
8 190
1 195
8 22
6 1
5 25
3 195
3 199
4 75
4 116
2 92
5 132
4 136
8 167
1 18
4 182
4 29
4 133
10 92
1 33
10 172
7 19
3 95
7 77
10 74
9 109
1 177
6 160
5 162
9 161
9 87
9 114
4 64
1 121
2 120
7 199
7 87
7 78
4 24
8 161
10 91
10 104
3 110
1 195
10 32
2 199
8 86
10 167
8 89
10 93
3 56
6 65
4 66
1 145
2 46
8 146
7 47
7 173
4 2
8 78
10 154
4 9
7 126
9 150
10 193
3 191
2 74
1 166
7 5
7 69
3 26
5 152
9 172
6 198
6 93
10 40
4 152
3 96
6 87
7 94
5 86
9 199
9 151
4 96
1 24
10 41
3 58
10 93
5 115
2 64
4 127
5 2
9 66
5 4
5 81
8 56
1 89
4 142
2 128
1 36
5 83
1 158
6 103
4 166
6 141
3 70
9 176
5 107
1 152
9 116
7 20
5 84
1 43
4 188
4 11
3 29
7 166
6 123
4 122
1 134
8 96
7 150
4 112
7 28
4 82
3 193
7 112
4 81
6 34
6 72
10 138
6 168
10 33
7 185
7 41
7 11
10 110
7 80
7 175
10 21
7 176
1 130
4 133
5 8
4 200
8 179
8 147
10 80
10 165
10 128
3 118
8 37
1 93
7 77
8 133
1 5
1 3
2 104
9 123
7 184
6 59
10 60
7 8
4 75
10 152
4 47
6 176
3 77
3 39
8 101
8 90
5 21
2 113
4 27
6 90
2 154
1 13
7 76
6 56
2 121
3 139
8 7
10 39
8 19
5 122
6 47
10 182
9 100
3 44
1 154
3 106
6 181
7 44
1 98
3 26
6 147
1 151
6 183
3 194
1 174
6 104
1 155
6 41
4 163
7 74
8 45
9 76
2 58
1 154
6 199
4 184
5 137
5 26
2 192
7 163
9 79
4 88
10 107
5 68
5 57
4 37
9 37
5 134
9 1
2 22
5 99
8 65
2 130
8 158
4 122
7 33
3 93
8 66
9 21
8 93
9 119
3 147
1 106
9 153
10 145
6 112
6 53
4 197
3 95
2 82
4 4
10 20
9 1
5 142
8 25
4 150
10 77
9 134
2 35
8 198
4 155
7 104
8 126
3 44
8 119
4 85
1 6
3 76
7 11
1 68
4 120
1 165
2 82
4 109
4 49
5 172
4 182
8 94
3 189
2 38
1 83
5 73
10 41
2 185
4 154
4 116
3 81
1 4
9 175
3 200
6 180
10 138
3 139
6 90
1 155
7 171
10 90
7 197
7 61
7 27
4 118
7 70
7 125
9 58
4 155
1 182
4 131
2 98
2 25
2 188
1 111
10 172
9 101
6 57
2 57
1 187
3 184
1 98
7 76
4 54
4 47
6 17
3 182
10 179
10 33
6 60
5 82
8 199
10 4
1 37
8 30
3 175
5 24
7 16
7 197
3 154
5 162
2 144
7 54
6 45
7 178
4 35
5 171
4 77
8 70
1 169
7 51
7 136
5 29
7 57
10 25
10 13
9 141
4 187
8 75
4 191
1 133
8 47
2 19
10 199
2 4
1 101
5 105
8 119
10 152
9 67
9 7
4 55
6 111
1 19
5 76
5 179
8 130
5 121
7 42
5 19
1 93
10 97
9 144
7 162
6 136
5 175
7 128
9 136
8 25
2 158
8 170
8 200
7 120
1 162
2 95
8 195
5 18
4 101
9 31
6 179
7 46
5 30
2 148
10 112
6 91
1 45
5 36
6 182
10 16
10 56
3 75
5 77
10 18
7 178
4 135
10 8
3 74
7 190
3 34
10 167
3 44
4 64
3 99
6 14
3 121
5 5
10 53
7 155
7 190
4 134
2 199
6 59
9 131
9 1
5 26
7 157
9 141
3 184
6 55
8 54
6 60
2 160
7 142
9 148
5 85
4 98
5 175
4 3
5 58
1 54
10 173
10 67
8 197
2 155
10 175
2 55
3 16
6 88
7 157
3 71
9 49
5 111
10 153
9 112
3 182
7 189
4 99
1 111
1 85
5 43
6 171
3 73
1 30
6 39
3 59
4 142
1 111
4 196
9 67
6 89
8 56
4 165
8 131
9 74
4 100
4 62
4 196
10 197
1 102
8 44
1 184
10 112
9 1
4 160
2 53
5 72
3 55
3 88
10 174
9 5
9 195
1 78
5 74
1 9
2 151
3 151
3 67
8 93
9 199
9 125
8 192
6 196
10 84
7 45
10 140
5 150
9 50
8 170
1 108
3 31
10 90
10 88
7 61
3 133
7 144
6 162
10 140
4 61
5 62
6 108
7 44
8 191
8 96
5 33
10 3
7 109
3 190
4 199
6 85
7 112
10 101
4 22
8 56
8 36
10 142
6 61
4 46
9 39
1 93
4 77
7 143
7 29
4 44
1 148
5 68
5 175
5 22
7 43
6 108
7 15
3 28
10 8
8 147
2 69
2 59
3 165
10 47
2 38
5 3
3 175
10 81
2 64
7 186
7 8
6 74
5 167
4 15
9 165
1 19
4 195
7 31
3 169
6 179
5 15
8 44
1 72
9 101
6 188
7 193
9 117
8 168
7 52
3 192
4 101
5 109
10 192
9 76
3 81
3 108
6 42
6 63
10 16
6 144
9 59
1 172
8 186
3 14
2 135
10 70
7 94
10 138
6 132
8 112
9 109
7 114
5 198
5 51
9 61
6 169
5 182
9 3
1 47
10 77
2 142
9 82
9 9
10 169
4 191
3 51
10 173
9 180
3 91
4 120
10 112
1 8
2 163
7 29
5 12
7 60
8 35
8 155
5 63
4 171
7 73
8 30
7 81
5 163
5 33
9 111
3 26
5 102
2 108
4 179
6 10
10 12
2 4
5 138
3 14
8 119
4 18
3 9
10 18
5 30
4 64
4 16
10 169
5 163
5 87
1 108
10 87
1 149
1 11
10 38
6 8
2 166
2 194
9 3
10 118
6 22
7 160
2 154
7 31
10 78
7 6
6 97
2 36
7 134
8 142
10 153
2 140
10 168
4 73
10 189
1 102
2 51
10 162
1 70
8 11
8 176
8 32
1 114
7 34
9 64
9 23
10 104
3 49
5 156
6 55
8 62
10 171
5 172
9 172
3 28
6 92
9 193
9 165
3 86
9 103
5 50
2 141
7 101
2 129
1 171
2 141
5 47
10 139
4 145
3 63
3 187
2 108
8 136
5 172
4 197
1 21
9 173
10 184
1 184
9 187
2 124
7 97
4 55
7 72
1 75
7 140
9 59
5 74
7 189
3 87
6 89
10 74
7 57
4 72
2 176
10 111
3 104
2 156
8 23
2 17
3 170
5 137
5 85
7 118
6 177
1 141
9 159
2 136
3 29
3 189
3 30
9 141
5 102
5 47
1 47
10 69
8 13
6 88
10 129
7 56
3 164
1 30
10 66
2 62
4 193
6 119
8 186
1 61
8 55
3 168
9 142
3 110
8 29
1 95
5 6
3 80
9 21
2 50
8 88
3 51
7 62
5 46
3 75
3 111
4 139
9 81
4 84
4 99
2 18
2 24
4 165
8 102
4 29
9 98
1 129
7 25
8 188
4 186
1 121
9 139
8 169
9 113
3 75
1 12
6 147
8 105
9 37
5 82
8 171
5 164
3 150
8 119
3 194
4 19
7 69
10 49
8 34
8 24
5 168
3 41
7 32
6 4
2 15
2 28
3 144
5 177
2 71
3 181
3 49
4 26
7 23
3 89
10 133
7 5
4 46
3 162
3 194
10 48
5 147
10 165
9 148
3 161
7 67
9 43
2 192
8 85
5 78
6 91
10 3
10 50
8 11
3 31
4 25
5 69
10 40
1 131
1 190
7 141
8 2
5 121
8 104
1 173
9 187
6 104
3 123
1 14
9 159
4 152
3 92
7 91
5 158
6 15
6 86
6 139
1 38
8 112
2 73
6 171
3 22
1 190
10 78
1 121
6 11
4 149
4 172
1 42
9 54
6 90
9 126
9 45
5 52
8 94
10 162
2 117
6 118
6 95
3 163
1 91
3 175
10 158
3 80
6 146
9 8
9 42
4 107
6 145
9 151
9 28
1 140
5 189
1 131
4 145
4 43
6 44
2 18
5 132
7 73
10 163
6 19
6 73
1 32
8 193
3 29
6 58
7 150
1 26
8 142
5 54
1 94
10 69
2 196
10 37
8 14
2 181
10 184
8 134
5 147
7 108
7 6
6 145
4 8
3 99
3 191
4 45
9 163
8 180
8 95
5 59
6 9
4 57
2 183
9 24
8 36
4 106
2 27
7 95
3 76
6 50
3 37
6 125
9 139
9 130
4 49
8 196
10 199
1 77
8 191
8 161
4 60
2 106
6 92
8 134
6 48
1 14
10 33
7 120
1 53
9 103
10 90
3 98
10 74
2 130
4 72
8 176
10 82
7 190
3 192
2 100
1 100
10 95
8 90
9 101
1 74
7 12
9 171
2 27
7 58
3 33
7 83
7 149
6 48
4 5
9 176
9 83
9 9
3 61
6 9
1 92
3 145
5 39
9 3
9 33
3 118
3 72
1 168
7 176
9 67
8 199
1 83
2 186
3 199
7 80
4 13
2 61
3 187
6 130
10 20
7 107
6 95
3 97
6 198
5 169
5 165
2 84
6 42
6 161
1 61
9 184
2 119
7 128
2 192
7 132
8 147
9 129
1 37
5 91
4 166
2 88
8 102
8 173
10 76
5 79
9 131
8 173
9 199
1 29
1 23
8 52
6 34
4 90
8 198
10 101
8 23
3 77
3 182
2 40
3 162
5 190
5 187
7 112
5 180
2 180
2 88
1 4
2 121
6 168
8 77
1 177
9 146
9 160
8 148
3 30
7 68
5 93
5 74
4 95
7 119
2 150
5 68
3 163
8 72
4 186
9 176
6 62
1 31
6 145
8 184
4 119
5 121
4 172
8 187
5 187
1 159
4 185
1 19
2 169
2 173
4 152
7 104
6 36
8 37
8 89
1 115
7 12
4 2
9 92
9 188
3 181
3 101
9 182
2 101
4 62
8 171
4 155
9 148
1 43
10 140
2 30
1 109
3 83
3 86
3 163
2 149
1 139
8 104
1 158
2 16
9 82
5 168
8 65
7 197
2 59
6 150
9 58
9 101
9 6
5 70
10 50
9 47
7 119
2 153
1 71
10 143
2 133
6 156
3 35
5 186
2 60
5 24
5 139
9 108
7 115
9 177
6 65
4 138
2 111
4 152
6 3
2 96
10 87
10 153
1 169
6 20
5 54
4 117
1 195
1 17
8 148
8 152
4 1
2 13
7 109
10 100
10 144
7 35
7 112
1 132
8 52
8 146
6 113
6 2
10 192
2 21
5 176
3 131
5 200
6 73
10 200
6 117
10 104
3 58
7 176
3 128
7 50
3 53
9 109
10 82
4 148
2 23
2 63
5 73
5 87
2 93
5 71
1 85
5 42
2 2
8 48
7 58
3 181
4 101
7 115
9 147
3 30
9 32
4 112
4 130
5 103
6 122
7 180
3 1
7 198
5 150
2 158
5 5
2 107
1 193
1 33
6 109
8 150
2 32
5 53
8 111
2 39
2 16
8 110
2 164
10 59
2 51
2 107
3 71
7 46
5 106
5 33
10 9
5 108
1 46
8 21
3 80
4 30
8 38
6 149
1 188
3 67
3 4
3 160
10 184
9 125
4 55
10 49
7 111
4 48
3 138
4 176
8 60
6 134
5 156
9 145
6 81
4 173
3 7
4 12
8 129
2 55
6 65
5 115
1 198
9 66
2 182
9 182
4 132
1 118
4 51
2 82
1 76
7 49
10 4
10 190
2 114
10 166
4 135
6 197
3 183
9 138
6 55
2 168
1 32
5 102
1 107
7 177
7 61
8 112
6 76
1 24
4 138
10 1
8 2
6 193
7 65
2 192
8 144
1 92
7 55
2 54
2 83
5 76
4 83
6 128
10 15
9 73
6 58
10 184
1 114
8 134
3 37
3 36
6 143
3 83
10 153
3 22
4 44
5 60
5 78
1 82
8 84
10 96
3 121
4 123
5 22
2 116
6 115
3 126
2 84
5 197
5 167
5 174
7 133
2 41
6 8
2 38
3 188
9 119
1 32
4 42
6 55
5 67
6 138
7 71
9 112
6 27
3 33
7 190
5 95
2 164
9 158
10 13
5 70
5 197
6 119
3 13
3 12
4 83
10 2
9 125
8 75
6 195
10 6
9 166
9 154
3 171
7 3
9 133
10 19
3 154
3 133
5 92
2 38
9 20
10 165
9 26
2 60
1 23
8 167
10 182
9 69
9 40
10 77
8 80
7 27
3 110
1 18
9 48
3 180
2 174
2 32
9 60
10 100
3 197
5 155
1 166
10 112
4 178
7 68
8 12
2 93
3 153
2 143
10 199
7 95
4 33
5 78
1 165
1 130
6 7
9 131
8 63
4 125
4 192
8 25
3 43
2 193
10 36
10 196
5 82
10 46
10 189
1 124
5 155
4 31
8 36
1 151
10 31
9 193
2 188
7 52
6 163
7 8
3 109
7 160
6 114
4 138
2 130
10 125
1 200
4 18
6 36
10 22
5 112
4 7
3 173
1 12
10 14
7 194
5 157
5 140
3 93
8 83
9 177
9 151
1 115
4 20
7 23
8 113
10 128
3 165
10 115
2 90
3 19
7 14
10 197
7 200
6 101
2 32
4 184
4 2
9 132
8 69
4 12
5 47
10 89
4 139
1 118
4 29
4 186
9 37
8 43
6 91
1 137
7 146
10 136
1 199
6 163
10 172
3 53
10 40
5 113
6 178
1 118
7 198
6 67
3 143
1 177
6 125
6 112
5 24
9 186
3 22
3 72
8 178
8 25
9 102
4 74
2 66
2 115
10 53
3 134
8 146
3 77
1 103
4 156
6 75
7 149
1 6
5 171
1 6
2 177
10 191
5 123
5 34
3 109
4 177
3 107
3 177
8 57
9 153
6 180
1 178
3 8
1 80
6 20
10 89
8 115
6 163
5 196
4 114
5 132
7 74
9 186
3 130
10 59
7 186
1 176
4 190
10 13
7 28
8 195
9 26
3 120
9 195
5 77
2 84
10 48
9 41
4 123
2 182
7 29
6 179
7 120
5 7
1 43
1 56
4 88
4 130
6 200
1 191
7 134
2 125
1 121
9 134
3 118
6 12
7 174
8 27
4 36
7 132
2 177
9 167
9 107
9 184
7 132
7 142
8 47
3 96
2 48
9 160
8 20
5 141
7 70
1 187
3 132
3 142
6 161
5 47
9 77
3 182
10 154
8 64
7 16
4 59
10 187
9 24
7 59
1 32
10 157
9 35
7 96
7 20
4 74
5 145
9 132
4 185
4 107
8 199
6 153
3 54
4 68
2 117
10 148
7 86
9 139
9 74
9 32
1 95
2 124
3 164
10 97
8 3
8 64
3 176
8 154
6 26
6 49
6 88
1 184
3 14
8 56
9 64
10 28
9 30
8 119
9 32
10 141
10 148
8 128
3 118
2 100
7 95
9 188
7 145
2 110
3 33
9 44
3 54
8 21
5 98
5 68
1 103
8 183
1 107
5 2
7 103
6 13
9 52
4 76
10 151
5 85
3 167
3 7
8 188
1 161
4 114
4 177
4 119
5 22
9 177
1 56
7 35
7 38
9 34
7 200
6 195
8 55
10 15
5 145
6 193
4 82
1 31
6 151
9 112
9 12
10 190
7 57
9 107
5 168
10 80
9 186
3 188
9 75
4 82
5 27
8 62
8 166
10 145
9 62
6 107
7 184
7 57
6 5
8 103
5 9
5 39
6 185
5 99
3 152
5 47
10 51
7 107
3 79
5 159
3 15
9 151
6 18
4 194
6 131
10 198
6 83
1 102
9 117
4 55
9 112
8 199
7 51
2 62
8 35
5 114
8 176
1 118
6 113
5 26
6 69
10 57
10 165
7 30
7 102
6 41
8 90
6 129
8 121
7 58
6 164
4 193
10 115
4 101
7 47
8 17
1 82
8 103
5 38
6 95
6 188
10 64
10 174
9 174
6 127
4 77
3 177
8 157
9 30
8 22
2 83
2 38
2 67
4 17
4 8
3 8
3 95
7 21
7 100
7 110
2 163
3 96
9 170
4 133
1 91
7 25
2 166
1 2
1 182
1 166
5 26
8 186
9 103
7 104
6 20
9 184
10 159
2 146
5 182
8 162
10 161
2 78
4 118
9 28
8 156
5 183
8 60
5 188
6 92
6 192
6 135
9 20
7 138
3 84
6 143
8 124
6 135
4 36
1 84
2 77
8 149
1 116
7 94
5 183
10 79
10 86
6 195
3 52
4 196
2 125
7 60
1 138
4 79
9 51
9 88
2 117
6 154
9 76
7 160
2 42
3 6
4 17
2 97
9 45
3 20
6 38
1 21
6 165
7 120
7 28
4 171
8 155
10 25
7 128
9 138
6 46
9 186
1 34
2 57
2 18
3 4
8 54
8 35
9 172
2 186
6 199
1 51
1 7
7 187
4 63
3 92
4 51
10 164
3 80
8 4
1 17
10 35
6 190
6 20
2 168
1 37
3 115
1 169
8 131
8 129
8 130
3 134
6 152
8 179
2 156
7 184
10 106
5 169
8 190
2 113
9 168
8 97
7 25
8 46
7 20
5 138
7 32
9 129
7 85
7 142
6 117
6 191
1 150
5 127
7 21
7 2
4 197
8 158
10 160
9 81
2 149
5 133
4 66
10 115
3 28
5 159
10 45
8 104
10 125
6 27
5 140
7 88
10 182
10 77
10 49
9 193
6 59
1 68
5 184
6 189
8 194
2 37
6 177
10 178
4 78
7 86
4 194
7 153
4 132
9 108
9 75
8 184
5 137
3 126
2 97
9 24
5 114
2 79
6 75
6 191
2 66
10 24
7 192
8 167
10 55
5 172
4 111
3 69
1 109
10 91
6 5
10 178
2 82
1 191
3 27
6 198
7 16
4 90
8 93
2 40
2 38
8 126
9 157
2 111
7 175
10 178
7 165
8 157
9 138
10 108
2 40
6 7
4 1
6 130
7 154
4 6
7 74
10 152
2 132
10 192
7 8
2 37
2 129
1 16
9 163
8 166
3 115
2 170
2 196
6 162
3 183
5 112
1 162
1 4
6 116
4 175
8 24
1 179
1 168
1 26
1 77
10 133
4 180
5 127
6 122
9 96
4 115
9 149
10 143
9 96
1 15
4 172
6 142
9 53
8 11
3 173
10 7
4 41
6 146
8 30
9 2
2 46
9 143
9 167
9 200
4 14
2 18
1 175
3 195
9 1
10 146
5 160
1 89
8 90
7 53
7 47
8 38
5 122
2 82
4 21
10 86
4 36
7 48
8 129
8 183
7 168
5 52
9 3
3 165
9 177
9 198
8 162
1 99
9 134
7 173
8 23
3 33
7 180
2 143
5 24
3 16
10 130
10 161
5 38
5 184
2 132
8 69
9 175
8 3
1 193
7 111
9 29
9 176
6 189
8 135
2 69
7 81
3 64
3 2
10 177
10 5
3 84
7 41
7 135
4 70
7 3
2 153
6 79
5 92
8 143
1 49
3 120
8 200
1 40
2 191
5 188
9 90
7 194
7 19
6 72
7 27
1 108
4 42
4 29
3 132
8 18
8 165
2 50
10 142
6 67
6 167
10 15
10 111
5 156
10 59
8 67
1 179
4 12
2 115
8 119
5 89
8 126
1 186
9 177
10 42
2 50
3 163
9 123
3 181
5 164
6 112
4 49
9 102
5 19
2 132
6 134
7 162
2 107
6 41
4 175
8 116
3 60
5 99
4 22
2 52
8 40
7 18
5 160
1 11
1 1
8 108
9 8
1 56
3 137
4 81
5 194
2 86
3 32
7 53
8 105
2 83
7 42
4 106
9 130
2 98
5 126
1 20
2 62
10 186
6 120
7 51
6 36
7 78
10 72
3 164
1 117
6 11
6 161
3 200
9 134
6 197
3 130
6 163
9 97
1 73
8 65
1 182
1 84
5 60
5 11
9 190
1 80
3 75
4 85
2 11
10 27
5 177
1 14
1 162
5 127
8 45
7 74
7 67
8 170
2 177
5 49
10 116
5 4
2 124
4 165
6 108
4 187
6 152
2 176
4 160
6 18
9 37
7 84
6 18
5 77
9 77
7 154
1 117
8 175
4 13
6 91
8 50
5 101
9 10
7 50
4 198
4 185
5 26
4 32
3 42
1 167
4 119
7 21
8 58
8 3
2 7
8 46
2 190
4 41
10 79
2 130
1 100
2 155
6 195
4 84
2 67
7 55
8 31
9 85
1 194
9 39
3 10
3 182
2 167
8 127
6 158
10 50
3 185
6 42
4 169
9 10
9 15
8 101
1 55
2 103
2 174
6 186
2 165
10 116
3 46
4 63
1 55
8 136
8 61
4 173
10 11
5 41
6 59
10 49
3 68
1 140
1 133
5 30
7 57
6 62
7 19
3 33
9 123
4 150
5 130
6 92
8 162
4 40
5 106
1 60
3 57
7 156
3 200
8 106
6 45
7 101
4 29
5 37
7 50
3 19
7 45
1 23
6 166
10 41
7 42
8 108
5 148
4 143
5 127
7 30
2 130
6 81
2 149
2 28
3 67
7 167
3 121
2 174
1 110
2 139
6 19
2 50
9 77
1 62
9 57
9 34
7 151
6 147
2 170
1 68
8 79
1 153
2 164
10 137
2 155
7 62
4 142
5 126
6 117
5 199
1 54
2 166
9 189
3 177
7 181
5 38
6 29
6 67
7 166
9 48
7 36
4 138
7 43
4 193
7 52
10 148
6 144
9 91
3 100
6 149
6 53
6 171
9 6
4 132
9 16
5 131
2 194
9 191
6 41
8 121
9 137
1 195
10 140
5 119
9 11
9 69
10 123
7 9
6 2
6 36
5 122
5 122
9 44
10 117
7 49
7 96
7 37
4 62
7 149
5 179
6 26
5 115
2 79
3 82
5 16
9 132
4 51
10 174
6 11
2 4
2 34
8 188
2 119
9 35
6 65
1 15
6 155
10 93
5 136
10 100
3 56
3 74
4 60
4 53
10 158
4 76
10 157
8 15
1 32
5 68
10 40
6 20
3 115
1 109
8 30
5 121
10 171
6 111
9 132
8 145
4 22
9 189
10 33
3 176
1 159
4 144
8 19
7 168
2 197
3 2
8 27
7 120
2 185
6 163
8 4
5 16
6 83
7 32
2 71
2 54
3 93
6 79
10 170
7 117
9 166
10 76
3 108
6 89
10 25
2 47
1 107
3 180
6 124
3 155
10 103
8 115
3 34
5 57
6 116
5 73
8 129
5 99
3 188
8 164
4 196
8 41
4 194
5 35
7 106
2 48
1 48
9 38
7 189
2 190
8 74
1 158
6 100
3 175
3 97
8 168
2 41
8 195
6 9
10 95
7 196
10 125
9 187
3 87
7 7
8 62
6 115
3 43
8 63
7 136
4 27
1 7
3 145
7 155
7 87
8 87
10 67
9 140
4 23
3 6
8 7
2 17
4 104
9 80
3 148
7 150
9 27
6 33
8 36
8 35
6 52
4 155
5 134
4 139
9 149
8 155
5 54
8 199
4 160
4 4
2 56
9 49
10 137
2 12
2 9
5 42
3 122
3 26
4 54
10 140
6 84
3 78
8 83
10 120
4 196
5 169
10 198
10 65
1 84
5 129
9 41
8 55
6 134
7 110
1 123
7 22
5 69
7 168
7 39
1 188
2 180
7 38
8 187
3 127
4 124
7 152
3 43
4 84
8 155
4 30
7 108
1 97
3 103
6 31
4 105
8 148
7 103
10 163
5 82
10 129
5 3
3 161
6 40
10 168
5 71
3 194
5 122
8 45
10 43
8 156
10 106
9 70
4 150
2 41
10 113
8 168
10 150
10 189
8 23
7 83
4 26
9 91
9 116
6 9
10 1
8 16
7 42
9 196
6 160
8 118
1 152
6 37
5 64
8 82
5 97
8 165
3 125
7 23
3 147
8 199
10 16
5 33
9 184
1 196
7 198
9 155
6 144
6 62
2 23
2 34
5 37
1 22
4 160
5 47
9 182
5 159
7 49
9 9
5 13
5 144
2 151
4 200
5 177
3 101
9 35
3 91
10 196
6 22
6 114
3 163
1 62
3 127
3 51
7 30
2 16
8 174
5 68
1 46
5 74
6 177
1 165
1 79
10 30
2 101
7 27
7 92
4 98
2 144
8 167
2 98
8 90
9 24
8 149
6 67
9 140
3 113
3 69
9 141
1 2
6 164
3 101
3 64
3 179
6 82
10 28
10 196
3 67
8 125
10 121
3 88
4 46
1 199
6 122
10 68
1 89
7 41
4 54
1 65
2 33
6 14
2 59
8 155
5 57
2 13
5 168
10 86
1 9
3 154
6 29
10 134
10 66
3 165
5 166
5 125
7 163
4 74
10 76
6 193
2 79
5 120
1 99
1 116
9 52
9 98
5 117
2 194
7 22
10 105
5 110
7 126
3 178
4 167
10 182
1 5
4 155
8 110
8 146
10 81
3 136
9 183
6 35
3 88
3 52
4 155
4 77
9 131
8 61
5 126
1 42
6 71
3 182
4 47
9 133
9 103
8 101
2 193
3 159
3 168
4 189
1 13
10 21
9 83
6 37
10 85
5 39
1 119
5 167
9 59
5 170
4 53
1 90
1 112
10 152
6 138
6 9
5 173
5 147
1 112
2 137
1 110
1 86
7 125
6 87
8 10
8 164
6 83
10 88
1 188
2 38
7 182
4 95
2 165
4 57
5 193
8 66
4 168
6 150
3 185
10 29
7 92
10 41
10 25
9 54
7 102
4 130
5 36
4 103
6 180
10 175
4 86
6 104
10 19
1 24
1 172
1 122
7 65
5 153
3 31
9 21
5 100
2 132
2 180
10 99
1 178
1 12
7 31
7 170
1 94
8 187
5 44
3 198
3 122
4 109
7 165
4 28
5 63
1 3
5 183
2 184
8 151
3 73
4 20
6 193
1 91
8 48
7 74
3 200
10 85
3 45
6 43
4 92
4 168
4 64
5 91
5 41
4 186
10 190
8 189
3 172
8 1
8 71
4 119
6 8
4 44
2 80
9 129
8 133
3 125
2 122
7 66
6 52
8 77
7 10
4 194
6 84
5 184
10 175
2 113
3 47
5 189
6 199
1 199
2 14
10 176
7 10
9 122
1 145
10 176
4 13
8 108
3 176
3 32
10 73
7 114
8 13
9 106
10 106
9 85
7 135
6 63
8 120
3 85
2 153
4 169
5 65
7 113
6 73
8 137
9 100
10 120
1 177
6 49
10 127
5 196
1 42
6 28
1 131
3 33
3 20
9 177
9 123
9 178
10 38
10 156
5 81
1 85
9 116
10 4
8 153
9 122
4 52
8 142
6 148
1 160
3 89
4 152
1 70
7 88
6 176
3 143
2 167
7 176
2 118
8 122
7 158
1 9
7 56
8 109
6 98
1 137
1 120
4 110
1 143
4 9
6 31
10 19
3 31
3 40
4 38
1 19
9 143
3 111
8 19
1 168
3 70
10 123
8 75
9 68
5 73
8 55
10 122
9 41
7 73
5 111
2 12
8 111
4 99
3 70
9 80
9 89
5 39
7 192
9 24
5 8
7 178
2 25
5 10
8 23
8 180
10 68
8 81
5 46
2 75
3 172
1 53
8 7
7 6
7 63
7 143
8 44
7 170
7 62
5 126
2 119
4 65
1 7
9 125
8 104
6 78
1 123
3 58
8 122
3 194
2 8
3 185
2 22
1 18
9 32
2 79
8 79
1 31
3 72
7 199
10 165
5 37
3 74
8 57
4 34
9 20
2 179
2 109
7 88
3 114
5 78
5 116
4 121
3 71
8 127
8 200
4 141
5 7
6 97
7 183
6 176
4 124
6 112
9 180
10 185
7 105
9 192
8 94
3 156
1 104
2 12
1 95
7 40
4 165
3 40
3 14
9 178
2 33
1 192
4 6
6 24
3 32
6 150
1 109
5 167
10 171
2 119
8 197
3 174
8 47
5 71
7 198
8 137
6 68
10 49
7 66
8 15
7 158
1 176
9 96
3 100
10 72
9 25
6 90
8 184
6 44
8 6
2 159
10 150
4 108
5 100
1 49
4 165
2 140
4 78
3 200
2 34
5 62
8 16
5 165
6 44
6 172
2 141
1 96
7 143
2 154
4 10
6 50
9 114
1 122
2 144
5 4
8 145
1 21
9 166
7 86
4 60
6 41
10 124
8 177
5 109
3 197
9 25
4 38
9 134
10 71
3 46
1 69
6 177
9 54
8 129
1 95
2 38
7 81
3 51
7 51
10 177
9 54
2 106
10 189
9 97
7 115
4 104
5 58
5 106
2 57
3 42
7 37
4 148
4 44
2 35
10 102
2 138
9 132
5 166
6 22
2 107
7 71
2 87
9 180
5 4
9 13
8 58
1 35
2 60
1 147
3 66
2 25
3 111
7 97
4 132
2 25
4 100
8 147
10 113
8 114
1 79
9 99
3 144
3 47
9 144
6 189
6 89
8 53
10 58
7 66
1 43
3 199
8 45
10 6
6 184
7 181
10 172
1 83
5 115
6 177
5 167
8 131
9 129
3 193
2 98
8 121
6 61
4 48
4 140
4 105
2 146
10 77
2 17
10 20
9 141
5 34
4 97
9 93
6 192
10 62
6 119
6 30
5 25
9 19
9 154
6 92
8 169
3 169
8 119
1 126
10 101
4 1
2 30
9 146
5 136
8 115
10 73
3 120
6 191
10 65
10 184
8 166
8 195
1 2
6 15
7 106
6 59
7 136
10 166
10 59
4 32
10 49
1 80
2 8
1 63
5 82
1 28
5 23
4 58
2 23
1 71
10 24
2 127
1 36
3 169
1 119
5 199
1 168
3 156
7 70
9 129
3 69
3 16
9 16
5 101
10 193
8 57
2 63
4 169
8 40
9 135
5 39
2 143
2 183
7 117
6 169
5 125
6 170
5 42
3 185
4 20
2 175
7 36
2 104
9 193
8 25
5 24
4 59
6 15
5 111
2 115
8 193
9 35
6 66
5 36
7 129
8 54
6 42
5 39
6 178
10 159
8 82
8 164
2 170
4 15
10 79
8 94
1 159
7 195
10 181
8 157
1 73
7 101
8 106
4 68
4 46
1 43
4 33
2 147
9 60
3 95
2 120
4 70
8 35
7 21
2 146
5 197
2 96
6 32
5 86
5 114
1 156
9 38
4 14
2 102
8 170
3 151
1 73
6 188
7 148
4 178
9 98
10 180
6 103
3 103
6 111
3 41
7 147
10 46
1 34
2 147
2 100
10 167
3 187
1 126
2 19
4 80
1 84
7 98
9 190
2 123
9 180
6 177
7 83
7 92
8 109
9 44
10 41
1 71
7 118
6 94
2 120
7 56
2 121
7 71
4 108
1 10
10 70
3 114
5 85
5 113
4 94
4 143
5 106
3 111
3 25
5 66
9 186
8 187
9 104
1 155
2 65
5 69
3 196
1 12
5 65
6 163
4 86
9 70
2 134
1 48
6 44
3 188
3 73
10 199
2 66
2 38
8 198
8 20
2 15
5 159
2 190
3 76
1 188
9 7
10 22
9 56
10 88
5 163
9 62
3 38
8 47
9 72
7 131
10 96
8 190
1 115
10 21
9 139
8 113
7 44
6 122
5 64
1 173
5 198
6 193
8 127
5 198
10 41
10 143
4 183
2 194
5 1
3 142
6 183
6 12
7 28
1 177
9 81
10 91
4 167
2 57
7 73
1 72
9 98
4 75
5 179
2 35
10 71
8 192
5 58
2 78
1 79
7 19
7 161
9 72
8 37
3 111
1 38
7 132
3 89
4 22
9 98
8 168
3 46
1 35
5 131
10 111
10 77
4 178
3 114
4 191
8 48
9 194
5 157
1 83
7 199
3 105
7 6
3 186
6 111
6 96
8 146
2 118
8 38
9 99
9 59
10 126
3 32
8 11
5 86
3 68
5 141
5 68
2 150
7 120
2 184
10 151
4 167
6 148
3 74
10 89
3 67
6 197
1 125
7 49
4 129
2 40
10 161
4 78
10 121
10 147
6 83
10 71
10 106
3 120
7 33
5 9
5 92
3 134
7 127
9 93
3 38
10 23
9 173
4 160
9 169
3 146
6 22
2 185
9 123
10 99
1 59
5 118
6 69
5 70
2 70
10 15
9 117
5 184
2 152
8 65
2 117
2 6
5 19
4 140
6 194
5 20
3 96
6 190
5 150
10 15
8 50
4 110
8 182
8 196
2 9
5 98
3 173
5 159
8 185
4 81
7 79
2 60
10 120
8 193
7 167
4 185
3 100
6 99
4 66
2 138
2 154
7 90
10 65
5 172
1 168
10 40
3 51
7 170
5 140
2 57
4 136
9 172
5 146
2 93
2 151
9 66
2 194
10 162
9 97
5 158
4 112
8 72
7 100
7 143
3 162
5 27
10 121
8 71
4 118
6 93
9 134
9 110
4 169
2 193
9 125
1 132
2 129
8 57
7 131
10 43
10 28
9 145
4 170
1 186
4 142
7 26
1 96
6 36
9 119
7 152
10 53
3 87
8 27
9 101
10 33
10 109
8 40
8 11
1 12
6 166
7 44
9 173
7 131
8 156
6 180
10 31
7 138
5 190
3 150
10 97
6 108
8 190
8 104
6 177
7 157
7 163
5 182
10 142
6 153
3 87
2 192
2 181
3 178
5 146
6 170
10 200
4 110
1 37
5 91
7 90
7 134
3 168
8 14
7 164
2 120
1 53
2 123
7 43
1 94
10 2
3 63
9 15
7 38
7 115
2 168
6 86
8 184
4 150
8 195
5 159
4 74
6 85
8 174
3 48
9 87
1 47
8 165
4 145
9 43
4 55
5 137
10 158
1 65
10 116
3 180
7 41
5 142
2 24
10 47
7 85
3 171
2 41
6 117
1 180
8 159
2 170
3 165
9 58
8 187
1 83
5 59
6 143
3 28
1 13
7 7
1 1
3 12
5 55
4 53
6 168
7 33
9 76
9 84
7 25
9 36
9 138
7 47
3 28
8 124
2 109
4 87
9 165
7 57
9 130
10 143
2 14
5 129
3 28
5 126
1 28
9 54
1 146
10 200
5 46
1 166
4 103
7 149
2 105
7 169
8 49
3 89
1 14
3 159
6 27
3 187
7 186
5 192
4 11
9 134
1 69
9 10
5 132
5 59
7 172
2 62
10 5
2 125
3 55
8 51
8 40
8 195
3 148
8 121
1 76
6 97
10 98
7 56
9 4
9 144
6 7
9 127
8 61
3 81
10 146
2 117
9 52
1 182
10 185
8 27
4 94
9 41
4 21
2 192
3 102
3 131
6 145
1 76
4 90
1 159
5 190
9 117
1 110
1 4
4 122
2 45
5 56
5 79
1 85
10 50
3 82
5 182
8 107
10 101
2 4
5 54
9 44
8 123
1 79
10 158
4 15
9 55
3 195
7 57
1 26
3 182
3 41
8 88
3 108
4 42
7 90
9 30
8 124
10 64
4 159
8 34
8 103
9 193
8 86
3 88
5 174
10 84
1 19
4 41
1 85
4 123
2 140
7 46
10 37
8 10
10 157
3 121
2 187
4 171
6 42
6 85
4 110
10 173
2 160
5 97
1 133
3 16
3 60
6 200
5 111
6 82
1 121
7 12
7 90
5 53
4 119
1 54
6 181
9 175
5 182
5 112
9 5
8 177
8 119
9 115
10 36
4 89
10 76
6 193
1 61
9 120
2 12
2 141
9 49
8 140
8 80
3 142
1 45
2 174
5 72
9 120
4 89
4 45
9 118
8 186
2 171
10 98
7 121
4 120
9 106
4 26
7 52
4 139
2 84
3 96
6 5
1 37
9 73
10 24
2 118
1 110
1 181
1 164
3 127
2 65
9 65
1 179
10 74
2 55
2 83
9 141
6 14
5 155
3 145
10 8
10 53
3 52
6 146
3 79
4 46
10 15
5 166
6 22
6 196
3 178
7 153
1 63
8 108
1 130
6 92
3 31
7 43
10 62
9 43
5 49
3 101
1 42
5 104
8 98
5 71
5 157
7 135
8 124
10 95
8 18
6 152
4 76
9 79
8 91
1 104
9 68
8 93
8 82
4 96
7 97
3 30
7 174
5 92
2 110
4 94
9 140
8 189
6 175
9 129
1 187
10 88
3 38
3 94
3 6
5 21
2 58
10 174
5 46
6 177
8 115
9 34
8 78
9 29
1 40
9 66
2 198
7 12
6 17
5 15
8 16
2 112
5 37
6 18
9 86
2 134
5 21
9 178
6 154
5 13
6 135
6 106
2 172
8 179
1 108
5 144
4 79
9 193
1 170
4 144
8 140
7 130
3 155
10 135
10 182
2 79
9 172
6 168
7 21
9 22
3 199
10 10
4 196
9 47
9 177
9 144
2 122
6 125
6 29
9 88
8 180
7 123
5 143
3 117
6 89
5 93
8 89
4 149
3 197
8 178
9 26
4 19
8 175
5 169
1 34
4 190
1 195
8 161
3 160
2 88
10 88
8 71
9 132
3 200
7 115
2 83
6 101
1 41
3 43
8 99
9 116
9 73
6 75
9 167
9 79
1 58
1 195
1 156
4 127
1 116
1 78
3 18
4 3
10 25
5 165
8 182
9 130
